96850  0.011845  0.0053427
79940  0.011806  0.0042595
65983  0.011795  0.0032861
54463  0.011942  0.002333
44954  0.012158  0.0016927
37105  0.012288  0.0010789
30627  0.012461  0.00057649
25279  0.012694  0.00012743
20866  0.012906  -0.0002106
17223  0.013127  -0.0005367
14216  0.013385  -0.00078684
11734  0.0137  -0.00094189
9685  0.013932  -0.0010762
7994  0.014161  -0.0011479
6598  0.014415  -0.0011877
5446  0.014653  -0.0011591
4495  0.014845  -0.0011484
3710  0.01503  -0.0011194
3063  0.015201  -0.0011008
2528  0.015352  -0.0010411
2087  0.015471  -0.00099363
1722  0.015627  -0.00092556
1422  0.015705  -0.00088447
1173  0.015804  -0.00086737
968.5  0.015855  -0.00085504
799.4  0.015958  -0.00079122
659.8  0.016029  -0.00080498
544.6  0.01609  -0.00075256
449.5  0.016221  -0.00081885
371.1  0.016236  -0.00077345
306.3  0.016308  -0.00080079
252.8  0.016399  -0.00077074
208.7  0.016486  -0.00087878
172.2  0.016548  -0.00094207
142.2  0.01664  -0.0009886
117.3  0.016725  -0.0010539
96.85  0.016846  -0.0011685
79.94  0.01698  -0.0012372
65.98  0.017184  -0.0013262
54.46  0.017151  -0.0014322
44.95  0.017429  -0.0017182
37.1  0.017564  -0.0017671
30.63  0.017768  -0.0019588
25.28  0.018004  -0.0021378
20.87  0.018281  -0.0023254
17.22  0.0186  -0.0025045
14.22  0.018945  -0.0026612
11.73  0.019297  -0.0027973
9.685  0.019656  -0.0029339
7.994  0.020036  -0.0030888
6.598  0.020458  -0.0032531
5.446  0.020935  -0.0034255
4.495  0.021499  -0.0035414
3.71  0.022117  -0.003597
3.062  0.022749  -0.0035468
2.528  0.023374  -0.0033888
2.087  0.02381  -0.0030492
1.722  0.02421  -0.0029161
1.421  0.024832  -0.0027009
1.173  0.025112  -0.0022007
0.9685  0.025656  -0.0021629
0.7994  0.025392  -0.001898
0.6598  0.025501  -0.0011065
0.5446  0.02559  -0.0012547
0.4495  0.025713  -0.00087504
0.371  0.025692  -0.00077822
0.3063  0.02571  -0.00085061
0.2528  0.025898  -0.0003911
0.2086  0.025899  -0.00054161
0.1722  0.025824  -0.00039911
0.1421  0.025926  -0.00035492
0.1173  0.025869  -0.00026806
0.0968  0.025808  -0.00024207
